{
 "cells": [
  {
   "attachments": {},
   "cell_type": "markdown",
   "id": "827175f0",
   "metadata": {},
   "source": [
    "# Executive Summary\n",
    "\n",
    "This notebook aims to compile resources on route optimization. For aboitiz, this can be used in its delivery logistics such as in Basco and Republic Cement.\n",
    "\n",
    "https://developers.google.com/optimization/routing\n",
    "\n",
    "A more general version of the TSP is the vehicle routing problem (VRP), in which there are multiple vehicles. In most cases, VRPs have constraints: for example, vehicles might have capacities for the maximum weight or volume of items they can carry, or drivers might be required to visit locations during specified time windows requested by customers.\n",
    "\n",
    "OR-Tools can solve many types of VRPs, including the following:\n",
    "\n",
    "- Traveling Salesperson Problem, the classic routing problem in which there is just one vehicle.\n",
    "- Vehicle routing problem, a generalisation of the TSP with multiple vehicles.\n",
    "- VRP with capacity constraints, in which vehicles have maximum capacities for the items they can carry.\n",
    "- VRP with time windows, where the vehicles must visit the locations in specified time intervals.\n",
    "- VRP with resource constraints, such as space or personnel to load and unload vehicles at the depot (the starting point for the routes).\n",
    "- VRP with dropped visits, where the vehicles aren't required to visit all locations, but must pay a penalty for each visit that is dropped.\n",
    "\n",
    "Resources:\n",
    "https://developers.google.com/optimization/routing/vrptw"
   ]
  },
  {
   "attachments": {},
   "cell_type": "markdown",
   "id": "d416a5e1",
   "metadata": {},
   "source": [
    "# Loading Libraries"
   ]
  },
  {
   "cell_type": "code",
   "execution_count": 2,
   "id": "1ea4ae4c",
   "metadata": {},
   "outputs": [],
   "source": [
    "import os\n",
    "from ortools.constraint_solver import pywrapcp\n",
    "from ortools.constraint_solver import routing_enums_pb2\n",
    "import pandas as pd\n",
    "\n",
    "import plotly\n",
    "import plotly.express as px\n",
    "import plotly.graph_objects as go\n",
    "\n",
    "import geopandas as gpd\n",
    "import numpy as np\n",
    "\n",
    "#import token\n",
    "from mapbox_token import *"
   ]
  },
  {
   "attachments": {},
   "cell_type": "markdown",
   "id": "ff9ef899",
   "metadata": {},
   "source": [
    "# Traveling Salesman Problem"
   ]
  },
  {
   "attachments": {},
   "cell_type": "markdown",
   "id": "99e58b28",
   "metadata": {},
   "source": [
    "The data also includes:\n",
    "\n",
    "- The number of vehicles in the problem, which is 1 because this is a TSP. (For a vehicle routing problem (VRP), the number of vehicles can be greater than 1.)\n",
    "- The depot: the start and end location for the route. In this case, the depot is 0, which corresponds to New York.\n"
   ]
  },
  {
   "attachments": {},
   "cell_type": "markdown",
   "id": "9db3dbaa",
   "metadata": {},
   "source": [
    "## Read data"
   ]
  },
  {
   "cell_type": "code",
   "execution_count": 3,
   "id": "df86edfe",
   "metadata": {},
   "outputs": [
    {
     "data": {
      "text/plain": [
       "['ESTABLISHMENTS_752020.csv']"
      ]
     },
     "execution_count": 3,
     "metadata": {},
     "output_type": "execute_result"
    }
   ],
   "source": [
    "os.chdir('data')\n",
    "os.listdir()"
   ]
  },
  {
   "cell_type": "code",
   "execution_count": 4,
   "id": "a7127d3a",
   "metadata": {},
   "outputs": [],
   "source": [
    "df = pd.read_csv('ESTABLISHMENTS_752020.csv')"
   ]
  },
  {
   "cell_type": "code",
   "execution_count": 5,
   "id": "d4433b7a",
   "metadata": {},
   "outputs": [
    {
     "data": {
      "text/plain": [
       "BDO                           3015\n",
       "711                           2709\n",
       "BPI                           2374\n",
       "BanKo                         2247\n",
       "RCB                           1912\n",
       "MBT                           1767\n",
       "LBP                           1360\n",
       "PNB                           1206\n",
       "MERCURY DRUG                  1189\n",
       "Cebuana Lhuillier Pawnshop    1179\n",
       "JFC                           1079\n",
       "SECB                          1069\n",
       "CHIB                           931\n",
       "EW                             908\n",
       "Western Union                  896\n",
       "Lbc                            863\n",
       "Cebuana Lhuillier              757\n",
       "Chooks To Go                   724\n",
       "UBP                            713\n",
       "Shell Gasoline Station         497\n",
       "Name: Company, dtype: int64"
      ]
     },
     "execution_count": 5,
     "metadata": {},
     "output_type": "execute_result"
    }
   ],
   "source": [
    "df.Company.value_counts().head(20)"
   ]
  },
  {
   "cell_type": "code",
   "execution_count": 6,
   "id": "bce94ff6",
   "metadata": {},
   "outputs": [],
   "source": [
    "#filter to one restautant and city first\n",
    "jabee = df[(df.Company == 'JFC') & (df.MUNICIPALITY == 'Mandaluyong')].copy()\n",
    "jabee = gpd.GeoDataFrame(jabee, geometry=gpd.points_from_xy(jabee.Longitude, jabee.Latitude))\n",
    "jabee.reset_index(inplace=True)"
   ]
  },
  {
   "cell_type": "code",
   "execution_count": 7,
   "id": "91304843",
   "metadata": {},
   "outputs": [],
   "source": [
    "jabee = jabee.set_crs('epsg:4326')\n",
    "jabee = jabee.to_crs('epsg:3857')"
   ]
  },
  {
   "cell_type": "code",
   "execution_count": 8,
   "id": "807fbd73",
   "metadata": {},
   "outputs": [
    {
     "data": {
      "text/html": [
       "<div>\n",
       "<style scoped>\n",
       "    .dataframe tbody tr th:only-of-type {\n",
       "        vertical-align: middle;\n",
       "    }\n",
       "\n",
       "    .dataframe tbody tr th {\n",
       "        vertical-align: top;\n",
       "    }\n",
       "\n",
       "    .dataframe thead th {\n",
       "        text-align: right;\n",
       "    }\n",
       "</style>\n",
       "<table border=\"1\" class=\"dataframe\">\n",
       "  <thead>\n",
       "    <tr style=\"text-align: right;\">\n",
       "      <th></th>\n",
       "      <th>0</th>\n",
       "      <th>1</th>\n",
       "      <th>2</th>\n",
       "      <th>3</th>\n",
       "      <th>4</th>\n",
       "      <th>5</th>\n",
       "      <th>6</th>\n",
       "      <th>7</th>\n",
       "      <th>8</th>\n",
       "      <th>9</th>\n",
       "      <th>...</th>\n",
       "      <th>12</th>\n",
       "      <th>13</th>\n",
       "      <th>14</th>\n",
       "      <th>15</th>\n",
       "      <th>16</th>\n",
       "      <th>17</th>\n",
       "      <th>18</th>\n",
       "      <th>19</th>\n",
       "      <th>20</th>\n",
       "      <th>21</th>\n",
       "    </tr>\n",
       "  </thead>\n",
       "  <tbody>\n",
       "    <tr>\n",
       "      <th>0</th>\n",
       "      <td>0.000000</td>\n",
       "      <td>1.467292</td>\n",
       "      <td>1.446216</td>\n",
       "      <td>2.801033</td>\n",
       "      <td>0.638357</td>\n",
       "      <td>0.227502</td>\n",
       "      <td>1.772084</td>\n",
       "      <td>3.232857</td>\n",
       "      <td>1.796228</td>\n",
       "      <td>2.066745</td>\n",
       "      <td>...</td>\n",
       "      <td>1.467292</td>\n",
       "      <td>1.446216</td>\n",
       "      <td>2.801033</td>\n",
       "      <td>0.638357</td>\n",
       "      <td>0.227502</td>\n",
       "      <td>1.772084</td>\n",
       "      <td>3.232857</td>\n",
       "      <td>1.796228</td>\n",
       "      <td>2.066745</td>\n",
       "      <td>1.270094</td>\n",
       "    </tr>\n",
       "    <tr>\n",
       "      <th>1</th>\n",
       "      <td>1.467292</td>\n",
       "      <td>0.000000</td>\n",
       "      <td>2.316423</td>\n",
       "      <td>1.388082</td>\n",
       "      <td>0.831212</td>\n",
       "      <td>1.648293</td>\n",
       "      <td>2.620063</td>\n",
       "      <td>1.924472</td>\n",
       "      <td>2.641841</td>\n",
       "      <td>1.072974</td>\n",
       "      <td>...</td>\n",
       "      <td>0.000000</td>\n",
       "      <td>2.316423</td>\n",
       "      <td>1.388082</td>\n",
       "      <td>0.831212</td>\n",
       "      <td>1.648293</td>\n",
       "      <td>2.620063</td>\n",
       "      <td>1.924472</td>\n",
       "      <td>2.641841</td>\n",
       "      <td>1.072974</td>\n",
       "      <td>1.928486</td>\n",
       "    </tr>\n",
       "    <tr>\n",
       "      <th>2</th>\n",
       "      <td>1.446216</td>\n",
       "      <td>2.316423</td>\n",
       "      <td>0.000000</td>\n",
       "      <td>3.250192</td>\n",
       "      <td>1.694945</td>\n",
       "      <td>1.266021</td>\n",
       "      <td>0.331978</td>\n",
       "      <td>3.426276</td>\n",
       "      <td>0.356196</td>\n",
       "      <td>2.210810</td>\n",
       "      <td>...</td>\n",
       "      <td>2.316423</td>\n",
       "      <td>0.000000</td>\n",
       "      <td>3.250192</td>\n",
       "      <td>1.694945</td>\n",
       "      <td>1.266021</td>\n",
       "      <td>0.331978</td>\n",
       "      <td>3.426276</td>\n",
       "      <td>0.356196</td>\n",
       "      <td>2.210810</td>\n",
       "      <td>0.417244</td>\n",
       "    </tr>\n",
       "    <tr>\n",
       "      <th>3</th>\n",
       "      <td>2.801033</td>\n",
       "      <td>1.388082</td>\n",
       "      <td>3.250192</td>\n",
       "      <td>0.000000</td>\n",
       "      <td>2.169268</td>\n",
       "      <td>2.950130</td>\n",
       "      <td>3.484957</td>\n",
       "      <td>0.654073</td>\n",
       "      <td>3.501550</td>\n",
       "      <td>1.073228</td>\n",
       "      <td>...</td>\n",
       "      <td>1.388082</td>\n",
       "      <td>3.250192</td>\n",
       "      <td>0.000000</td>\n",
       "      <td>2.169268</td>\n",
       "      <td>2.950130</td>\n",
       "      <td>3.484957</td>\n",
       "      <td>0.654073</td>\n",
       "      <td>3.501550</td>\n",
       "      <td>1.073228</td>\n",
       "      <td>2.833227</td>\n",
       "    </tr>\n",
       "    <tr>\n",
       "      <th>4</th>\n",
       "      <td>0.638357</td>\n",
       "      <td>0.831212</td>\n",
       "      <td>1.694945</td>\n",
       "      <td>2.169268</td>\n",
       "      <td>0.000000</td>\n",
       "      <td>0.818413</td>\n",
       "      <td>2.023159</td>\n",
       "      <td>2.627480</td>\n",
       "      <td>2.046917</td>\n",
       "      <td>1.518779</td>\n",
       "      <td>...</td>\n",
       "      <td>0.831212</td>\n",
       "      <td>1.694945</td>\n",
       "      <td>2.169268</td>\n",
       "      <td>0.000000</td>\n",
       "      <td>0.818413</td>\n",
       "      <td>2.023159</td>\n",
       "      <td>2.627480</td>\n",
       "      <td>2.046917</td>\n",
       "      <td>1.518779</td>\n",
       "      <td>1.377417</td>\n",
       "    </tr>\n",
       "    <tr>\n",
       "      <th>5</th>\n",
       "      <td>0.227502</td>\n",
       "      <td>1.648293</td>\n",
       "      <td>1.266021</td>\n",
       "      <td>2.950130</td>\n",
       "      <td>0.818413</td>\n",
       "      <td>0.000000</td>\n",
       "      <td>1.584953</td>\n",
       "      <td>3.351900</td>\n",
       "      <td>1.608835</td>\n",
       "      <td>2.156936</td>\n",
       "      <td>...</td>\n",
       "      <td>1.648293</td>\n",
       "      <td>1.266021</td>\n",
       "      <td>2.950130</td>\n",
       "      <td>0.818413</td>\n",
       "      <td>0.000000</td>\n",
       "      <td>1.584953</td>\n",
       "      <td>3.351900</td>\n",
       "      <td>1.608835</td>\n",
       "      <td>2.156936</td>\n",
       "      <td>1.140093</td>\n",
       "    </tr>\n",
       "    <tr>\n",
       "      <th>6</th>\n",
       "      <td>1.772084</td>\n",
       "      <td>2.620063</td>\n",
       "      <td>0.331978</td>\n",
       "      <td>3.484957</td>\n",
       "      <td>2.023159</td>\n",
       "      <td>1.584953</td>\n",
       "      <td>0.000000</td>\n",
       "      <td>3.613835</td>\n",
       "      <td>0.024273</td>\n",
       "      <td>2.426205</td>\n",
       "      <td>...</td>\n",
       "      <td>2.620063</td>\n",
       "      <td>0.331978</td>\n",
       "      <td>3.484957</td>\n",
       "      <td>2.023159</td>\n",
       "      <td>1.584953</td>\n",
       "      <td>0.000000</td>\n",
       "      <td>3.613835</td>\n",
       "      <td>0.024273</td>\n",
       "      <td>2.426205</td>\n",
       "      <td>0.692787</td>\n",
       "    </tr>\n",
       "    <tr>\n",
       "      <th>7</th>\n",
       "      <td>3.232857</td>\n",
       "      <td>1.924472</td>\n",
       "      <td>3.426276</td>\n",
       "      <td>0.654073</td>\n",
       "      <td>2.627480</td>\n",
       "      <td>3.351900</td>\n",
       "      <td>3.613835</td>\n",
       "      <td>0.000000</td>\n",
       "      <td>3.626976</td>\n",
       "      <td>1.240024</td>\n",
       "      <td>...</td>\n",
       "      <td>1.924472</td>\n",
       "      <td>3.426276</td>\n",
       "      <td>0.654073</td>\n",
       "      <td>2.627480</td>\n",
       "      <td>3.351900</td>\n",
       "      <td>3.613835</td>\n",
       "      <td>0.000000</td>\n",
       "      <td>3.626976</td>\n",
       "      <td>1.240024</td>\n",
       "      <td>3.020797</td>\n",
       "    </tr>\n",
       "    <tr>\n",
       "      <th>8</th>\n",
       "      <td>1.796228</td>\n",
       "      <td>2.641841</td>\n",
       "      <td>0.356196</td>\n",
       "      <td>3.501550</td>\n",
       "      <td>2.046917</td>\n",
       "      <td>1.608835</td>\n",
       "      <td>0.024273</td>\n",
       "      <td>3.626976</td>\n",
       "      <td>0.000000</td>\n",
       "      <td>2.441723</td>\n",
       "      <td>...</td>\n",
       "      <td>2.641841</td>\n",
       "      <td>0.356196</td>\n",
       "      <td>3.501550</td>\n",
       "      <td>2.046917</td>\n",
       "      <td>1.608835</td>\n",
       "      <td>0.024273</td>\n",
       "      <td>3.626976</td>\n",
       "      <td>0.000000</td>\n",
       "      <td>2.441723</td>\n",
       "      <td>0.714068</td>\n",
       "    </tr>\n",
       "    <tr>\n",
       "      <th>9</th>\n",
       "      <td>2.066745</td>\n",
       "      <td>1.072974</td>\n",
       "      <td>2.210810</td>\n",
       "      <td>1.073228</td>\n",
       "      <td>1.518779</td>\n",
       "      <td>2.156936</td>\n",
       "      <td>2.426205</td>\n",
       "      <td>1.240024</td>\n",
       "      <td>2.441723</td>\n",
       "      <td>0.000000</td>\n",
       "      <td>...</td>\n",
       "      <td>1.072974</td>\n",
       "      <td>2.210810</td>\n",
       "      <td>1.073228</td>\n",
       "      <td>1.518779</td>\n",
       "      <td>2.156936</td>\n",
       "      <td>2.426205</td>\n",
       "      <td>1.240024</td>\n",
       "      <td>2.441723</td>\n",
       "      <td>0.000000</td>\n",
       "      <td>1.798168</td>\n",
       "    </tr>\n",
       "    <tr>\n",
       "      <th>10</th>\n",
       "      <td>1.270094</td>\n",
       "      <td>1.928486</td>\n",
       "      <td>0.417244</td>\n",
       "      <td>2.833227</td>\n",
       "      <td>1.377417</td>\n",
       "      <td>1.140093</td>\n",
       "      <td>0.692787</td>\n",
       "      <td>3.020797</td>\n",
       "      <td>0.714068</td>\n",
       "      <td>1.798168</td>\n",
       "      <td>...</td>\n",
       "      <td>1.928486</td>\n",
       "      <td>0.417244</td>\n",
       "      <td>2.833227</td>\n",
       "      <td>1.377417</td>\n",
       "      <td>1.140093</td>\n",
       "      <td>0.692787</td>\n",
       "      <td>3.020797</td>\n",
       "      <td>0.714068</td>\n",
       "      <td>1.798168</td>\n",
       "      <td>0.000000</td>\n",
       "    </tr>\n",
       "    <tr>\n",
       "      <th>11</th>\n",
       "      <td>0.000000</td>\n",
       "      <td>1.467292</td>\n",
       "      <td>1.446216</td>\n",
       "      <td>2.801033</td>\n",
       "      <td>0.638357</td>\n",
       "      <td>0.227502</td>\n",
       "      <td>1.772084</td>\n",
       "      <td>3.232857</td>\n",
       "      <td>1.796228</td>\n",
       "      <td>2.066745</td>\n",
       "      <td>...</td>\n",
       "      <td>1.467292</td>\n",
       "      <td>1.446216</td>\n",
       "      <td>2.801033</td>\n",
       "      <td>0.638357</td>\n",
       "      <td>0.227502</td>\n",
       "      <td>1.772084</td>\n",
       "      <td>3.232857</td>\n",
       "      <td>1.796228</td>\n",
       "      <td>2.066745</td>\n",
       "      <td>1.270094</td>\n",
       "    </tr>\n",
       "    <tr>\n",
       "      <th>12</th>\n",
       "      <td>1.467292</td>\n",
       "      <td>0.000000</td>\n",
       "      <td>2.316423</td>\n",
       "      <td>1.388082</td>\n",
       "      <td>0.831212</td>\n",
       "      <td>1.648293</td>\n",
       "      <td>2.620063</td>\n",
       "      <td>1.924472</td>\n",
       "      <td>2.641841</td>\n",
       "      <td>1.072974</td>\n",
       "      <td>...</td>\n",
       "      <td>0.000000</td>\n",
       "      <td>2.316423</td>\n",
       "      <td>1.388082</td>\n",
       "      <td>0.831212</td>\n",
       "      <td>1.648293</td>\n",
       "      <td>2.620063</td>\n",
       "      <td>1.924472</td>\n",
       "      <td>2.641841</td>\n",
       "      <td>1.072974</td>\n",
       "      <td>1.928486</td>\n",
       "    </tr>\n",
       "    <tr>\n",
       "      <th>13</th>\n",
       "      <td>1.446216</td>\n",
       "      <td>2.316423</td>\n",
       "      <td>0.000000</td>\n",
       "      <td>3.250192</td>\n",
       "      <td>1.694945</td>\n",
       "      <td>1.266021</td>\n",
       "      <td>0.331978</td>\n",
       "      <td>3.426276</td>\n",
       "      <td>0.356196</td>\n",
       "      <td>2.210810</td>\n",
       "      <td>...</td>\n",
       "      <td>2.316423</td>\n",
       "      <td>0.000000</td>\n",
       "      <td>3.250192</td>\n",
       "      <td>1.694945</td>\n",
       "      <td>1.266021</td>\n",
       "      <td>0.331978</td>\n",
       "      <td>3.426276</td>\n",
       "      <td>0.356196</td>\n",
       "      <td>2.210810</td>\n",
       "      <td>0.417244</td>\n",
       "    </tr>\n",
       "    <tr>\n",
       "      <th>14</th>\n",
       "      <td>2.801033</td>\n",
       "      <td>1.388082</td>\n",
       "      <td>3.250192</td>\n",
       "      <td>0.000000</td>\n",
       "      <td>2.169268</td>\n",
       "      <td>2.950130</td>\n",
       "      <td>3.484957</td>\n",
       "      <td>0.654073</td>\n",
       "      <td>3.501550</td>\n",
       "      <td>1.073228</td>\n",
       "      <td>...</td>\n",
       "      <td>1.388082</td>\n",
       "      <td>3.250192</td>\n",
       "      <td>0.000000</td>\n",
       "      <td>2.169268</td>\n",
       "      <td>2.950130</td>\n",
       "      <td>3.484957</td>\n",
       "      <td>0.654073</td>\n",
       "      <td>3.501550</td>\n",
       "      <td>1.073228</td>\n",
       "      <td>2.833227</td>\n",
       "    </tr>\n",
       "    <tr>\n",
       "      <th>15</th>\n",
       "      <td>0.638357</td>\n",
       "      <td>0.831212</td>\n",
       "      <td>1.694945</td>\n",
       "      <td>2.169268</td>\n",
       "      <td>0.000000</td>\n",
       "      <td>0.818413</td>\n",
       "      <td>2.023159</td>\n",
       "      <td>2.627480</td>\n",
       "      <td>2.046917</td>\n",
       "      <td>1.518779</td>\n",
       "      <td>...</td>\n",
       "      <td>0.831212</td>\n",
       "      <td>1.694945</td>\n",
       "      <td>2.169268</td>\n",
       "      <td>0.000000</td>\n",
       "      <td>0.818413</td>\n",
       "      <td>2.023159</td>\n",
       "      <td>2.627480</td>\n",
       "      <td>2.046917</td>\n",
       "      <td>1.518779</td>\n",
       "      <td>1.377417</td>\n",
       "    </tr>\n",
       "    <tr>\n",
       "      <th>16</th>\n",
       "      <td>0.227502</td>\n",
       "      <td>1.648293</td>\n",
       "      <td>1.266021</td>\n",
       "      <td>2.950130</td>\n",
       "      <td>0.818413</td>\n",
       "      <td>0.000000</td>\n",
       "      <td>1.584953</td>\n",
       "      <td>3.351900</td>\n",
       "      <td>1.608835</td>\n",
       "      <td>2.156936</td>\n",
       "      <td>...</td>\n",
       "      <td>1.648293</td>\n",
       "      <td>1.266021</td>\n",
       "      <td>2.950130</td>\n",
       "      <td>0.818413</td>\n",
       "      <td>0.000000</td>\n",
       "      <td>1.584953</td>\n",
       "      <td>3.351900</td>\n",
       "      <td>1.608835</td>\n",
       "      <td>2.156936</td>\n",
       "      <td>1.140093</td>\n",
       "    </tr>\n",
       "    <tr>\n",
       "      <th>17</th>\n",
       "      <td>1.772084</td>\n",
       "      <td>2.620063</td>\n",
       "      <td>0.331978</td>\n",
       "      <td>3.484957</td>\n",
       "      <td>2.023159</td>\n",
       "      <td>1.584953</td>\n",
       "      <td>0.000000</td>\n",
       "      <td>3.613835</td>\n",
       "      <td>0.024273</td>\n",
       "      <td>2.426205</td>\n",
       "      <td>...</td>\n",
       "      <td>2.620063</td>\n",
       "      <td>0.331978</td>\n",
       "      <td>3.484957</td>\n",
       "      <td>2.023159</td>\n",
       "      <td>1.584953</td>\n",
       "      <td>0.000000</td>\n",
       "      <td>3.613835</td>\n",
       "      <td>0.024273</td>\n",
       "      <td>2.426205</td>\n",
       "      <td>0.692787</td>\n",
       "    </tr>\n",
       "    <tr>\n",
       "      <th>18</th>\n",
       "      <td>3.232857</td>\n",
       "      <td>1.924472</td>\n",
       "      <td>3.426276</td>\n",
       "      <td>0.654073</td>\n",
       "      <td>2.627480</td>\n",
       "      <td>3.351900</td>\n",
       "      <td>3.613835</td>\n",
       "      <td>0.000000</td>\n",
       "      <td>3.626976</td>\n",
       "      <td>1.240024</td>\n",
       "      <td>...</td>\n",
       "      <td>1.924472</td>\n",
       "      <td>3.426276</td>\n",
       "      <td>0.654073</td>\n",
       "      <td>2.627480</td>\n",
       "      <td>3.351900</td>\n",
       "      <td>3.613835</td>\n",
       "      <td>0.000000</td>\n",
       "      <td>3.626976</td>\n",
       "      <td>1.240024</td>\n",
       "      <td>3.020797</td>\n",
       "    </tr>\n",
       "    <tr>\n",
       "      <th>19</th>\n",
       "      <td>1.796228</td>\n",
       "      <td>2.641841</td>\n",
       "      <td>0.356196</td>\n",
       "      <td>3.501550</td>\n",
       "      <td>2.046917</td>\n",
       "      <td>1.608835</td>\n",
       "      <td>0.024273</td>\n",
       "      <td>3.626976</td>\n",
       "      <td>0.000000</td>\n",
       "      <td>2.441723</td>\n",
       "      <td>...</td>\n",
       "      <td>2.641841</td>\n",
       "      <td>0.356196</td>\n",
       "      <td>3.501550</td>\n",
       "      <td>2.046917</td>\n",
       "      <td>1.608835</td>\n",
       "      <td>0.024273</td>\n",
       "      <td>3.626976</td>\n",
       "      <td>0.000000</td>\n",
       "      <td>2.441723</td>\n",
       "      <td>0.714068</td>\n",
       "    </tr>\n",
       "    <tr>\n",
       "      <th>20</th>\n",
       "      <td>2.066745</td>\n",
       "      <td>1.072974</td>\n",
       "      <td>2.210810</td>\n",
       "      <td>1.073228</td>\n",
       "      <td>1.518779</td>\n",
       "      <td>2.156936</td>\n",
       "      <td>2.426205</td>\n",
       "      <td>1.240024</td>\n",
       "      <td>2.441723</td>\n",
       "      <td>0.000000</td>\n",
       "      <td>...</td>\n",
       "      <td>1.072974</td>\n",
       "      <td>2.210810</td>\n",
       "      <td>1.073228</td>\n",
       "      <td>1.518779</td>\n",
       "      <td>2.156936</td>\n",
       "      <td>2.426205</td>\n",
       "      <td>1.240024</td>\n",
       "      <td>2.441723</td>\n",
       "      <td>0.000000</td>\n",
       "      <td>1.798168</td>\n",
       "    </tr>\n",
       "    <tr>\n",
       "      <th>21</th>\n",
       "      <td>1.270094</td>\n",
       "      <td>1.928486</td>\n",
       "      <td>0.417244</td>\n",
       "      <td>2.833227</td>\n",
       "      <td>1.377417</td>\n",
       "      <td>1.140093</td>\n",
       "      <td>0.692787</td>\n",
       "      <td>3.020797</td>\n",
       "      <td>0.714068</td>\n",
       "      <td>1.798168</td>\n",
       "      <td>...</td>\n",
       "      <td>1.928486</td>\n",
       "      <td>0.417244</td>\n",
       "      <td>2.833227</td>\n",
       "      <td>1.377417</td>\n",
       "      <td>1.140093</td>\n",
       "      <td>0.692787</td>\n",
       "      <td>3.020797</td>\n",
       "      <td>0.714068</td>\n",
       "      <td>1.798168</td>\n",
       "      <td>0.000000</td>\n",
       "    </tr>\n",
       "  </tbody>\n",
       "</table>\n",
       "<p>22 rows × 22 columns</p>\n",
       "</div>"
      ],
      "text/plain": [
       "          0         1         2         3         4         5         6   \\\n",
       "0   0.000000  1.467292  1.446216  2.801033  0.638357  0.227502  1.772084   \n",
       "1   1.467292  0.000000  2.316423  1.388082  0.831212  1.648293  2.620063   \n",
       "2   1.446216  2.316423  0.000000  3.250192  1.694945  1.266021  0.331978   \n",
       "3   2.801033  1.388082  3.250192  0.000000  2.169268  2.950130  3.484957   \n",
       "4   0.638357  0.831212  1.694945  2.169268  0.000000  0.818413  2.023159   \n",
       "5   0.227502  1.648293  1.266021  2.950130  0.818413  0.000000  1.584953   \n",
       "6   1.772084  2.620063  0.331978  3.484957  2.023159  1.584953  0.000000   \n",
       "7   3.232857  1.924472  3.426276  0.654073  2.627480  3.351900  3.613835   \n",
       "8   1.796228  2.641841  0.356196  3.501550  2.046917  1.608835  0.024273   \n",
       "9   2.066745  1.072974  2.210810  1.073228  1.518779  2.156936  2.426205   \n",
       "10  1.270094  1.928486  0.417244  2.833227  1.377417  1.140093  0.692787   \n",
       "11  0.000000  1.467292  1.446216  2.801033  0.638357  0.227502  1.772084   \n",
       "12  1.467292  0.000000  2.316423  1.388082  0.831212  1.648293  2.620063   \n",
       "13  1.446216  2.316423  0.000000  3.250192  1.694945  1.266021  0.331978   \n",
       "14  2.801033  1.388082  3.250192  0.000000  2.169268  2.950130  3.484957   \n",
       "15  0.638357  0.831212  1.694945  2.169268  0.000000  0.818413  2.023159   \n",
       "16  0.227502  1.648293  1.266021  2.950130  0.818413  0.000000  1.584953   \n",
       "17  1.772084  2.620063  0.331978  3.484957  2.023159  1.584953  0.000000   \n",
       "18  3.232857  1.924472  3.426276  0.654073  2.627480  3.351900  3.613835   \n",
       "19  1.796228  2.641841  0.356196  3.501550  2.046917  1.608835  0.024273   \n",
       "20  2.066745  1.072974  2.210810  1.073228  1.518779  2.156936  2.426205   \n",
       "21  1.270094  1.928486  0.417244  2.833227  1.377417  1.140093  0.692787   \n",
       "\n",
       "          7         8         9   ...        12        13        14        15  \\\n",
       "0   3.232857  1.796228  2.066745  ...  1.467292  1.446216  2.801033  0.638357   \n",
       "1   1.924472  2.641841  1.072974  ...  0.000000  2.316423  1.388082  0.831212   \n",
       "2   3.426276  0.356196  2.210810  ...  2.316423  0.000000  3.250192  1.694945   \n",
       "3   0.654073  3.501550  1.073228  ...  1.388082  3.250192  0.000000  2.169268   \n",
       "4   2.627480  2.046917  1.518779  ...  0.831212  1.694945  2.169268  0.000000   \n",
       "5   3.351900  1.608835  2.156936  ...  1.648293  1.266021  2.950130  0.818413   \n",
       "6   3.613835  0.024273  2.426205  ...  2.620063  0.331978  3.484957  2.023159   \n",
       "7   0.000000  3.626976  1.240024  ...  1.924472  3.426276  0.654073  2.627480   \n",
       "8   3.626976  0.000000  2.441723  ...  2.641841  0.356196  3.501550  2.046917   \n",
       "9   1.240024  2.441723  0.000000  ...  1.072974  2.210810  1.073228  1.518779   \n",
       "10  3.020797  0.714068  1.798168  ...  1.928486  0.417244  2.833227  1.377417   \n",
       "11  3.232857  1.796228  2.066745  ...  1.467292  1.446216  2.801033  0.638357   \n",
       "12  1.924472  2.641841  1.072974  ...  0.000000  2.316423  1.388082  0.831212   \n",
       "13  3.426276  0.356196  2.210810  ...  2.316423  0.000000  3.250192  1.694945   \n",
       "14  0.654073  3.501550  1.073228  ...  1.388082  3.250192  0.000000  2.169268   \n",
       "15  2.627480  2.046917  1.518779  ...  0.831212  1.694945  2.169268  0.000000   \n",
       "16  3.351900  1.608835  2.156936  ...  1.648293  1.266021  2.950130  0.818413   \n",
       "17  3.613835  0.024273  2.426205  ...  2.620063  0.331978  3.484957  2.023159   \n",
       "18  0.000000  3.626976  1.240024  ...  1.924472  3.426276  0.654073  2.627480   \n",
       "19  3.626976  0.000000  2.441723  ...  2.641841  0.356196  3.501550  2.046917   \n",
       "20  1.240024  2.441723  0.000000  ...  1.072974  2.210810  1.073228  1.518779   \n",
       "21  3.020797  0.714068  1.798168  ...  1.928486  0.417244  2.833227  1.377417   \n",
       "\n",
       "          16        17        18        19        20        21  \n",
       "0   0.227502  1.772084  3.232857  1.796228  2.066745  1.270094  \n",
       "1   1.648293  2.620063  1.924472  2.641841  1.072974  1.928486  \n",
       "2   1.266021  0.331978  3.426276  0.356196  2.210810  0.417244  \n",
       "3   2.950130  3.484957  0.654073  3.501550  1.073228  2.833227  \n",
       "4   0.818413  2.023159  2.627480  2.046917  1.518779  1.377417  \n",
       "5   0.000000  1.584953  3.351900  1.608835  2.156936  1.140093  \n",
       "6   1.584953  0.000000  3.613835  0.024273  2.426205  0.692787  \n",
       "7   3.351900  3.613835  0.000000  3.626976  1.240024  3.020797  \n",
       "8   1.608835  0.024273  3.626976  0.000000  2.441723  0.714068  \n",
       "9   2.156936  2.426205  1.240024  2.441723  0.000000  1.798168  \n",
       "10  1.140093  0.692787  3.020797  0.714068  1.798168  0.000000  \n",
       "11  0.227502  1.772084  3.232857  1.796228  2.066745  1.270094  \n",
       "12  1.648293  2.620063  1.924472  2.641841  1.072974  1.928486  \n",
       "13  1.266021  0.331978  3.426276  0.356196  2.210810  0.417244  \n",
       "14  2.950130  3.484957  0.654073  3.501550  1.073228  2.833227  \n",
       "15  0.818413  2.023159  2.627480  2.046917  1.518779  1.377417  \n",
       "16  0.000000  1.584953  3.351900  1.608835  2.156936  1.140093  \n",
       "17  1.584953  0.000000  3.613835  0.024273  2.426205  0.692787  \n",
       "18  3.351900  3.613835  0.000000  3.626976  1.240024  3.020797  \n",
       "19  1.608835  0.024273  3.626976  0.000000  2.441723  0.714068  \n",
       "20  2.156936  2.426205  1.240024  2.441723  0.000000  1.798168  \n",
       "21  1.140093  0.692787  3.020797  0.714068  1.798168  0.000000  \n",
       "\n",
       "[22 rows x 22 columns]"
      ]
     },
     "execution_count": 8,
     "metadata": {},
     "output_type": "execute_result"
    }
   ],
   "source": [
    "dist = jabee.geometry.apply(lambda g: jabee.distance(g))/1000 #in km\n",
    "dist"
   ]
  },
  {
   "cell_type": "code",
   "execution_count": 9,
   "id": "b2c7c44d",
   "metadata": {},
   "outputs": [],
   "source": [
    "#creates data for the problem\n",
    "def create_data_model(dist_matrix, num_vehicles, depot_index):\n",
    "    \"\"\"Stores the data for the problem.\"\"\"\n",
    "    data = {}\n",
    "    data['distance_matrix'] = dist_matrix  # yapf: disable\n",
    "    data['num_vehicles'] = num_vehicles\n",
    "    data['depot'] = depot_index\n",
    "    return data"
   ]
  },
  {
   "cell_type": "code",
   "execution_count": 10,
   "id": "4815ec54",
   "metadata": {},
   "outputs": [],
   "source": [
    "data = create_data_model(np.array(dist), 3, 4)"
   ]
  },
  {
   "attachments": {},
   "cell_type": "markdown",
   "id": "d305f75d",
   "metadata": {},
   "source": [
    "# Vehicle Routing Problem\n",
    "\n",
    "In the Vehicle Routing Problem (VRP), the goal is to find optimal routes for multiple vehicles visiting a set of locations. (When there's only one vehicle, it reduces to the Traveling Salesperson Problem.)\n",
    "\n",
    "But what do we mean by \"optimal routes\" for a VRP? One answer is the routes with the least total distance. However, if there are no other constraints, the optimal solution is to assign just one vehicle to visit all locations, and find the shortest route for that vehicle. This is essentially the same problem as the TSP.\n",
    "\n",
    "A better way to define optimal routes is to minimize the length of the longest single route among all vehicles. This is the right definition if the goal is to complete all deliveries as soon as possible. The VRP example below finds optimal routes defined this way.\n",
    "\n",
    "In later sections, we'll describe other ways of generalizing the TSP by adding constraints on the vehicles, including:\n",
    "\n",
    "Capacity constraints: the vehicles need to pick up items at each location they visit, but have a maximum carrying capacity.\n",
    "Time windows: each location must be visited within a specific time window."
   ]
  },
  {
   "attachments": {},
   "cell_type": "markdown",
   "id": "9db3dbaa",
   "metadata": {},
   "source": [
    "## Create data\n",
    "\n",
    "[(456, 320), # location 0 - the depot\n",
    "(228, 0),    # location 1\n",
    "(912, 0),    # location 2\n",
    "(0, 80),     # location 3\n",
    "(114, 80),   # location 4\n",
    "(570, 160),  # location 5\n",
    "(798, 160),  # location 6\n",
    "(342, 240),  # location 7\n",
    "(684, 240),  # location 8\n",
    "(570, 400),  # location 9\n",
    "(912, 400),  # location 10\n",
    "(114, 480),  # location 11\n",
    "(228, 480),  # location 12\n",
    "(342, 560),  # location 13\n",
    "(684, 560),  # location 14\n",
    "(0, 640),    # location 15\n",
    "(798, 640)]  # location 16"
   ]
  },
  {
   "cell_type": "code",
   "execution_count": 11,
   "id": "843c4d0e",
   "metadata": {},
   "outputs": [],
   "source": [
    "# Create the routing index manager.\n",
    "manager = pywrapcp.RoutingIndexManager(len(data['distance_matrix']),\n",
    "                                        data['num_vehicles'], data['depot'])\n",
    "\n",
    "# Create Routing Model.\n",
    "routing = pywrapcp.RoutingModel(manager)"
   ]
  },
  {
   "attachments": {},
   "cell_type": "markdown",
   "id": "6b655feb",
   "metadata": {},
   "source": [
    "## Create the distance callback\n",
    "\n",
    "To use the routing solver, you need to create a distance (or transit) callback: a function that takes any pair of locations and returns the distance between them. The easiest way to do this is using the distance matrix.\n",
    "\n",
    "The following function creates the callback and registers it with the solver as transit_callback_index."
   ]
  },
  {
   "cell_type": "code",
   "execution_count": 12,
   "id": "ab9e4c0b",
   "metadata": {},
   "outputs": [],
   "source": [
    "def distance_callback(from_index, to_index):\n",
    "    \"\"\"Returns the distance between the two nodes.\"\"\"\n",
    "    # Convert from routing variable Index to distance matrix NodeIndex.\n",
    "    from_node = manager.IndexToNode(from_index)\n",
    "    to_node = manager.IndexToNode(to_index)\n",
    "    return data['distance_matrix'][from_node][to_node]\n",
    "\n",
    "transit_callback_index = routing.RegisterTransitCallback(distance_callback)"
   ]
  },
  {
   "cell_type": "code",
   "execution_count": 13,
   "id": "06390747",
   "metadata": {},
   "outputs": [
    {
     "data": {
      "text/plain": [
       "0.8312117970442651"
      ]
     },
     "execution_count": 13,
     "metadata": {},
     "output_type": "execute_result"
    }
   ],
   "source": [
    "data['distance_matrix'][1][4]"
   ]
  },
  {
   "attachments": {},
   "cell_type": "markdown",
   "id": "db0014da",
   "metadata": {},
   "source": [
    "## Set the cost of travel\n",
    "\n",
    "In this example, the arc cost evaluator is the transit_callback_index, which is the solver's internal reference to the distance callback. This means that the cost of travel between any two locations is just the distance between them. However, in general the costs can involve other factors as well.\n",
    "\n",
    "You can also define multiple arc cost evaluators that depend on which vehicle is traveling between locations, using the method routing.SetArcCostEvaluatorOfVehicle(). For example, if the vehicles have different speeds, you could define the cost of travel between locations to be the distance divided by the vehicle's speed — in other words, the travel time.\n",
    "\n"
   ]
  },
  {
   "cell_type": "code",
   "execution_count": 14,
   "id": "8beca82f",
   "metadata": {},
   "outputs": [],
   "source": [
    "routing.SetArcCostEvaluatorOfAllVehicles(transit_callback_index)"
   ]
  },
  {
   "attachments": {},
   "cell_type": "markdown",
   "id": "0765be17",
   "metadata": {},
   "source": [
    "## Add a distance dimension\n",
    "\n",
    "To solve this VRP, you need to create a distance dimension, which computes the cumulative distance traveled by each vehicle along its route. You can then set a cost proportional to the maximum of the total distances along each route. Routing programs use dimensions to keep track of quantities that accumulate over a vehicle's route. See Dimensions for more details.\n",
    "\n",
    "The following code creates the distance dimension, using the solver's AddDimension method. The argument transit_callback_index is the index for the distance_callback."
   ]
  },
  {
   "cell_type": "code",
   "execution_count": 15,
   "id": "44d298fa",
   "metadata": {},
   "outputs": [],
   "source": [
    "dimension_name = 'Distance'\n",
    "routing.AddDimension(\n",
    "    transit_callback_index,\n",
    "    0,  # no slack\n",
    "    3000,  # vehicle maximum travel distance\n",
    "    True,  # start cumul to zero\n",
    "    dimension_name)\n",
    "distance_dimension = routing.GetDimensionOrDie(dimension_name)\n",
    "distance_dimension.SetGlobalSpanCostCoefficient(100)"
   ]
  },
  {
   "attachments": {},
   "cell_type": "markdown",
   "id": "002e2455",
   "metadata": {},
   "source": [
    "## Add solution printer"
   ]
  },
  {
   "cell_type": "code",
   "execution_count": 16,
   "id": "a04a84f1",
   "metadata": {},
   "outputs": [],
   "source": [
    "def print_solution(data, manager, routing, solution):\n",
    "    \"\"\"Prints solution on console.\"\"\"\n",
    "    print(f'Objective: {solution.ObjectiveValue()}')\n",
    "    max_route_distance = 0\n",
    "    for vehicle_id in range(data['num_vehicles']):\n",
    "        index = routing.Start(vehicle_id)\n",
    "        plan_output = 'Route for vehicle {}:\\n'.format(vehicle_id)\n",
    "        route_distance = 0\n",
    "        while not routing.IsEnd(index):\n",
    "            plan_output += ' {} -> '.format(manager.IndexToNode(index))\n",
    "            previous_index = index\n",
    "            index = solution.Value(routing.NextVar(index))\n",
    "            route_distance += routing.GetArcCostForVehicle(\n",
    "                previous_index, index, vehicle_id)\n",
    "        plan_output += '{}\\n'.format(manager.IndexToNode(index))\n",
    "        plan_output += 'Distance of the route: {}m\\n'.format(route_distance)\n",
    "        print(plan_output)\n",
    "        max_route_distance = max(route_distance, max_route_distance)\n",
